0
0.00884054
0.0176811
0.0264238
0.0350696
0.0436196
0.0520746
0.0604357
0.0687036
0.0768795
0.0849641
0.0929584
0.100863
0.10868
0.116408
0.12405
0.131606
0.139077
0.146464
0.153768
0.160988
0.168128
0.175186
0.182164
0.189063
0.195883
0.202625
0.209291
0.21588
0.222394
0.228833
0.235199
0.241491
0.24771
0.253858
0.259935
0.265941
0.271878
0.277745
0.283545
0.289277
0.294942
0.30054
0.306073
0.311541
0.316945
0.322285
0.327562
0.332777
0.33793
0.343022
0.348053
0.353024
0.357936
0.362789
0.367584
0.372321
0.377002
0.381626
0.386193
0.390706
0.395164
0.399567
0.403917
0.408213
0.412457
0.416649
0.420789
0.424878
0.428917
0.432905
0.436844
0.440733
0.444574
0.448367
0.452113
0.455811
0.459462
0.463067
0.466627
0.470141
0.47361
0.477034
0.480415
0.483752
0.487046
0.490298
0.493507
0.496674
0.4998
0.502885
0.505929
0.508933
0.511897
0.514822
0.517707
0.520554
0.523363
0.526134
0.528868
0.531564
0.534224
0.536847
0.539434
0.541986
0.544502
0.546983
0.54943
0.551842
0.554221
0.556565
0.558877
0.561156
0.563402
0.565615
0.567797
0.569948
0.572066
0.574154
0.576211
0.578238
0.580235
0.582202
0.584139
0.586047
0.587927
0.589777
0.591599
0.593394
0.59516
0.596899
0.598611
0.600295
0.601953
0.603585
0.605191
0.60677
0.608324
0.609852
0.611356
0.612834
0.614288
0.615717
0.617123
0.618504
0.619862
0.621196
0.622507
0.623795
0.62506
0.626303
0.627523
0.628722
0.629898
0.631053
0.632186
0.633299
0.63439
0.63546
0.63651
0.637539
0.638549
0.639538
0.640507
0.641457
0.642388
0.643299
0.644192
0.645065
0.64592
0.646756
0.647574
0.648375
0.649157
0.649921
0.650668
0.651398
0.65211
0.652805
0.653484
0.654145
0.654791
0.655419
0.656032
0.656629
0.657209
0.657774
0.658324
0.658858
0.659377
0.65988
0.660369
0.660843
0.661302
0.661747
0.662177
0.662593
0.662996
0.663384
0.663758
0.664119
0.664466
0.664799
0.66512
0.665427
0.665721
0.666003
0.666272
0.666528
0.666771
0.667002
0.667221
0.667428
0.667623
0.667806
0.667977
0.668137
0.668285
0.668421
0.668546
0.66866
0.668763
0.668855
0.668937
0.669007
0.669067
0.669116
0.669155
0.669183
0.669201
0.669209
0.669207
0.669195
0.669174
0.669142
0.669101
0.669051
0.668991
0.668921
0.668842
0.668755
0.668658
0.668552
0.668437
0.668313
0.668181
0.66804
0.66789
0.667732
0.667566
0.667391
0.667209
0.667018
0.666819
0.666612
0.666397
0.666174
0.665943
0.665705
0.66546
0.665206
0.664946
0.664678
0.664403
0.66412
0.66383
0.663534
0.66323
0.662919
0.662602
0.662278
0.661947
0.661609
0.661265
0.660914
0.660557
0.660193
0.659823
0.659447
0.659064
0.658676
0.658281
0.65788
0.657474
0.657061
0.656643
0.656218
0.655788
0.655353
0.654912
0.654465
0.654012
0.653555
0.653091
0.652623
0.652149
0.65167
0.651186
0.650697
0.650202
0.649703
0.649198
0.648689
0.648174
0.647655
0.647131
0.646603
0.646069
0.645531
0.644989
0.644442
0.64389
0.643334
0.642773
0.642208
0.641639
0.641066
0.640488
0.639906
0.63932
0.638729
0.638135
0.637537
0.636934
0.636328
0.635717
0.635103
0.634485
0.633863
0.633238
0.632609
0.631976
0.631339
0.630699
0.630055
0.629407
0.628756
0.628102
0.627444
0.626783
0.626118
0.62545
0.624779
0.624104
0.623427
0.622746
0.622061
0.621374
0.620684
0.61999
0.619293
0.618594
0.617891
0.617186
0.616477
0.615766
0.615051
0.614334
0.613614
0.612891
0.612166
0.611438
0.610707
0.609973
0.609237
0.608498
0.607756
0.607012
0.606265
0.605516
0.604764
0.60401
0.603254
0.602495
0.601733
0.600969
0.600203
0.599435
0.598664
0.597891
0.597115
0.596338
0.595558
0.594776
0.593991
0.593205
0.592417
0.591626
0.590833
0.590038
0.589242
0.588443
0.587642
0.586839
0.586034
0.585227
0.584419
0.583608
0.582796
0.581981
0.581165
0.580347
0.579527
0.578705
0.577882
0.577057
0.57623
0.575401
0.574571
0.573739
0.572905
0.572069
0.571232
0.570394
0.569553
0.568711
0.567868
0.567023
0.566176
0.565328
0.564478
0.563627
0.562775
0.561921
0.561065
0.560208
0.559349
0.55849
0.557628
0.556766
0.555902
0.555036
0.55417
0.553301
0.552432
0.551561
0.550689
0.549816
0.548942
0.548066
0.547189
0.54631
0.545431
0.54455
0.543668
0.542785
0.541901
0.541016
0.540129
0.539241
0.538353
0.537463
0.536572
0.53568
0.534786
0.533892
0.532997
0.5321
0.531203
0.530304
0.529405
0.528505
0.527603
0.526701
0.525797
0.524893
0.523987
0.523081
0.522174
0.521266
0.520357
0.519447
0.518536
0.517624
0.516711
0.515798
0.514883
0.513968
0.513052
0.512135
0.511217
0.510298
0.509379
0.508458
0.507537
0.506616
0.505693
0.504769
0.503845
0.50292
0.501995
0.501068
0.500141
0.499213
0.498284
0.497355
0.496425
0.495494
0.494563
0.49363
0.492698
0.491764
0.49083
0.489895
0.488959
0.488023
0.487086
0.486149
0.485211
0.484272
0.483333
0.482393
0.481452
0.480511
0.47957
0.478627
0.477684
0.476741
0.475797
0.474852
0.473907
0.472961
0.472015
0.471068
0.470121
0.469173
0.468225
0.467276
0.466326
0.465376
0.464426
0.463475
0.462523
0.461571
0.460619
0.459666
0.458713
0.457759
0.456804
0.45585
0.454894
0.453939
0.452982
0.452026
0.451069
0.450111
0.449153
0.448195
0.447236
0.446277
0.445318
0.444358
0.443397
0.442436
0.441475
0.440514
0.439552
0.438589
0.437626
0.436663
0.4357
0.434736
0.433772
0.432807
0.431842
0.430877
0.429911
0.428945
0.427979
0.427012
0.426045
0.425077
0.42411
0.423142
0.422173
0.421205
0.420235
0.419266
0.418296
0.417327
0.416356
0.415386
0.414415
0.413444
0.412472
0.4115
0.410528
0.409556
0.408583
0.40761
0.406637
0.405664
0.40469
0.403716
0.402742
0.401767
0.400793
0.399817
0.398842
0.397867
0.396891
0.395915
0.394938
0.393962
0.392985
0.392008
0.391031
0.390053
0.389076
0.388098
0.387119
0.386141
0.385162
0.384183
0.383204
0.382225
0.381246
0.380266
0.379286
0.378306
0.377325
0.376345
0.375364
0.374383
0.373402
0.372421
0.371439
0.370457
0.369476
0.368493
0.367511
0.366529
0.365546
0.364563
0.36358
0.362597
0.361614
0.36063
0.359646
0.358662
0.357678
0.356694
0.35571
0.354725
0.35374
0.352756
0.351771
0.350785
0.3498
0.348814
0.347829
0.346843
0.345857
0.344871
0.343885
0.342898
0.341912
0.340925
0.339938
0.338951
0.337964
0.336977
0.33599
0.335002
0.334014
0.333027
0.332039
0.331051
0.330063
0.329074
0.328086
0.327097
0.326109
0.32512
0.324131
0.323142
0.322153
0.321164
0.320174
0.319185
0.318195
0.317206
0.316216
0.315226
0.314236
0.313246
0.312255
0.311265
0.310275
0.309284
0.308293
0.307303
0.306312
0.305321
0.30433
0.303339
0.302347
0.301356
0.300365
0.299373
0.298381
0.29739
0.296398
0.295406
0.294414
0.293422
0.29243
0.291438
0.290445
0.289453
0.28846
0.287468
0.286475
0.285482
0.284489
0.283496
0.282504
0.28151
0.280517
0.279524
0.278531
0.277537
0.276544
0.27555
0.274557
0.273563
0.272569
0.271576
0.270582
0.269588
0.268594
0.2676
0.266606
0.265611
0.264617
0.263623
0.262628
0.261634
0.260639
0.259645
0.25865
0.257655
0.25666
0.255666
0.254671
0.253676
0.252681
0.251686
0.250691
0.249695
0.2487
0.247705
0.246709
0.245714
0.244719
0.243723
0.242727
0.241732
0.240736
0.23974
0.238745
0.237749
0.236753
0.235757
0.234761
0.233765
0.232769
0.231773
0.230777
0.22978
0.228784
0.227788
0.226791
0.225795
0.224799
0.223802
0.222806
0.221809
0.220812
0.219816
0.218819
0.217822
0.216825
0.215829
0.214832
0.213835
0.212838
0.211841
0.210844
0.209847
0.20885
0.207853
0.206855
0.205858
0.204861
0.203864
0.202866
0.201869
0.200872
0.199874
0.198877
0.197879
0.196882
0.195884
0.194887
0.193889
0.192891
0.191894
0.190896
0.189898
0.1889
0.187903
0.186905
0.185907
0.184909
0.183911
0.182913
0.181915
0.180917
0.179919
0.178921
0.177923
0.176925
0.175927
0.174929
0.17393
0.172932
0.171934
0.170936
0.169937
0.168939
0.167941
0.166942
0.165944
0.164945
0.163947
0.162948
0.16195
0.160951
0.159953
0.158954
0.157956
0.156957
0.155958
0.15496
0.153961
0.152962
0.151964
0.150965
0.149966
0.148967
0.147969
0.14697
0.145971
0.144972
0.143973
0.142974
0.141975
0.140976
0.139977
0.138978
0.137979
0.13698
0.135981
0.134982
0.133983
0.132984
0.131985
0.130986
0.129987
0.128988
0.127988
0.126989
0.12599
0.124991
0.123992
0.122992
0.121993
0.120994
0.119994
0.118995
0.117996
0.116996
0.115997
0.114998
0.113998
0.112999
0.111999
0.111
0.110001
0.109001
0.108002
0.107002
0.106003
0.105003
0.104004
0.103004
0.102004
0.101005
0.100005
0.0990057
0.0980061
0.0970065
0.0960068
0.0950072
0.0940075
0.0930078
0.0920082
0.0910085
0.0900088
0.0890091
0.0880093
0.0870096
0.0860098
0.0850101
0.0840103
0.0830105
0.0820107
0.0810109
0.0800111
0.0790113
0.0780115
0.0770116
0.0760118
0.0750119
0.074012
0.0730121
0.0720122
0.0710123
0.0700124
0.0690125
0.0680126
0.0670126
0.0660127
0.0650127
0.0640128
0.0630128
0.0620128
0.0610128
0.0600128
0.0590128
0.0580128
0.0570128
0.0560127
0.0550127
0.0540126
0.0530126
0.0520125
0.0510124
0.0500124
0.0490123
0.0480122
0.0470121
0.046012
0.0450118
0.0440117
0.0430116
0.0420114
0.0410113
0.0400111
0.039011
0.0380108
0.0370106
0.0360105
0.0350103
0.0340101
0.0330099
0.0320097
0.0310095
0.0300092
0.029009
0.0280088
0.0270085
0.0260083
0.025008
0.0240078
0.0230075
0.0220073
0.021007
0.0200067
0.0190064
0.0180061
0.0170058
0.0160055
0.0150052
0.0140049
0.0130046
0.0120043
0.0110039
0.0100036
0.00900327
0.00800293
0.00700258
0.00600222
0.00500186
0.0040015
0.00300113
0.00200076
0.00100038
0
-0.00100039
