2 -1.74548 4877.6 0.724832 0.911316 1329.55 1458.11 0.379462
2.025 -1.72687 4774.51 0.776558 0.902506 1304.19 1444.01 0.474621
2.05 -1.70708 4666.15 0.850897 0.892865 1276.75 1428.58 0.591418
2.075 -1.68586 4551.23 0.888678 0.881995 1246.18 1411.19 0.728105
2.1 -1.66239 4425.82 0.944631 0.86965 1211.82 1391.44 0.832535
2.125 -1.63878 4301.63 1.03756 0.855422 1173.39 1368.68 1.21873
2.15 -1.6088 4146.48 1.15209 0.834453 1118.24 1335.13 1.9253
2.175 -1.57959 3998.22 1.27474 0.813352 1065.08 1301.36 3.04239
2.2 -1.54444 3823.67 1.49092 -0.102023 987.738 1248.48 6.1567
2.225 -1.50464 3631.09 1.76951 -0.299817 886.71 1171.5 13.0125
2.25 -1.46613 3448.63 1.84941 -0.676914 794.46 1104.95 13.9476
2.275 -1.41473 3212.27 1.92 0.233229 649.151 981.097 20.9044
2.3 -1.36875 3008.19 2.0075 0.165374 516.735 845.158 30.5666
2.325 -1.31482 2775.58 1.77083 0.0754046 360.597 682.163 30.0025
2.35 -1.27971 2629.14 1.61335 -0.0416184 290.129 596.593 28.7987
2.375 -1.24158 2474.46 1.42079 -0.0137614 208.2 490.807 24.2707
2.4 -1.20936 2347.08 1.21864 -0.0155383 158.419 425.257 18.9131
