2 -1.7458 10975.1 0.725891 0.911423 2991.26 3281.12 0.385766
2.025 -1.72727 10743.6 0.759801 0.902919 2935.85 3250.51 0.448722
2.05 -1.70698 10493.1 0.830712 0.892945 2871.64 3214.6 0.574989
2.075 -1.68583 10235.1 0.882384 0.881991 2801.95 3175.17 0.711674
2.1 -1.66261 9955.63 0.958972 0.869468 2723.35 3130.08 0.880248
2.125 -1.63689 9650.5 1.03666 0.853968 2627.86 3074.29 1.18401
2.15 -1.60956 9331.84 1.16321 0.834752 2512.73 3005.11 1.95627
2.175 -1.5774 8963.74 1.31188 0.808354 2361.93 2910.07 4.39608
2.2 -1.54664 8618.31 1.40196 0.785116 2228.52 2826.42 4.29934
2.225 -1.50938 8209.49 1.58846 0.74738 2027.75 2690.57 7.58248
2.25 -1.46269 7711.86 1.93805 0.673511 1696.5 2428.59 25.8418
2.275 -1.41456 7214.63 2.14404 -0.333595 1347.06 2132.62 36.7977
2.3 -1.36542 6723.57 2.23071 -0.13013 995.487 1758.87 59.1962
2.325 -1.31273 6213.57 1.81145 -0.0320584 607.315 1315.77 54.3696
2.35 -1.27095 5823.51 1.52307 -0.00945511 355.321 950.434 44.4245
2.375 -1.23449 5493.61 1.29352 0.0247416 221.64 738.767 29.4886
2.4 -1.20559 5239.07 1.15961 0.035861 166.337 630.444 23.3047
