2 -1.74578 10974.8 0.718486 0.911436 2991.33 3281.17 0.375719
2.025 -1.72681 10737.9 0.78069 0.902575 2933.69 3249.27 0.486665
2.05 -1.70667 10489.3 0.828709 0.892836 2870.93 3214.21 0.571306
2.075 -1.68536 10229.4 0.887007 0.881689 2800.02 3174.08 0.708521
2.1 -1.66164 9944.08 0.975976 0.868255 2716.16 3125.72 1.06519
2.125 -1.63734 9655.9 1.04224 0.854531 2631.28 3076.31 1.16786
2.15 -1.61034 9340.72 1.13092 0.837532 2528.55 3015.12 1.53329
2.175 -1.57912 8983.01 1.25306 0.813728 2388.78 2929.42 2.31131
2.2 -1.54943 8649.26 1.37235 0.790596 2258.39 2846.15 3.74289
2.225 -1.50883 8203.15 1.50554 0.746962 2024.57 2689.06 7.1644
2.25 -1.46561 7742.65 1.9341 0.356574 1736.33 2456.85 568.273
2.275 -1.41243 7193.32 2.20654 -0.324047 1321.82 2096.27 414.855
2.3 -1.35146 6586.51 2.13299 0.0871436 762.334 1481.2 319.563
2.325 -1.30865 6175.14 1.83309 -0.0013697 530.449 1187.66 228.147
2.35 -1.26972 5812.38 1.53481 0.0314349 347.418 924.449 146.324
2.375 -1.23403 5489.44 1.28717 -0.00296761 216.297 715.03 91.0591
2.4 -1.20483 5232.6 1.17156 0.0325876 164.183 627.596 66.8166
