Sun  0.00271498195288 -0.00438434905822 -7.35182936612e-05 0.00295673528833 0.000210818805006 -7.99732390889e-05 1.0
Mercury  -0.384826021301 -0.165409861386 0.0223698481733 1.82186200673 -9.0415336688 -0.905479741329 1.66051140935e-07
Venus  -0.606349155708 0.37484014393 0.0402533711305 -3.93206439711 -6.3074467327 0.141303742219 2.44827371182e-06
Earth  0.906997138148 0.413788720908 -5.1279155528e-05 -2.73934181276 5.68019699746 0.000130125915471 3.00329789032e-06
Mars  0.37641259437 1.48453347407 0.0218999808593 -4.75955421765 1.67772382933 0.152333621324 3.22773848605e-07
Jupiter  0.383508671856 5.09327345756 -0.0295671032898 -2.78074147318 0.334157168159 0.0609017042068 0.000954532562518
Saturn  -7.34708375422 5.51697948936 0.19546523877 -1.33367900429 -1.63454774071 0.0815947553025 0.000285796542596
Uranus  -13.7712942516 -12.4976586543 0.132275772464 0.954706057235 -1.13091417786 -0.0165637182327 4.36552070258e-05
Neptune  -7.38755364447 -29.3666075777 0.774884613848 1.10451307541 -0.273464157132 -0.0199249686814 5.14999919539e-05
Pluto  -28.1716297308 -7.2765947673 8.92721317463 0.440959570908 -1.18699152567 -0.00499214448769 6.57264812848e-09
