2 -1.74587 4879.75 0.717435 0.911529 1330.18 1458.45 0.383987
2.025 -1.72606 4770.06 0.782098 0.901718 1302.02 1442.75 0.529074
2.05 -1.70528 4656.27 0.838768 0.891715 1273.51 1426.74 0.615505
2.075 -1.68578 4550.82 0.894466 0.88254 1247.58 1412.06 0.666472
2.1 -1.66219 4424.82 0.96188 0.868604 1209.18 1389.77 0.962123
2.125 -1.63794 4297.27 1.03783 0.854819 1171.69 1367.71 1.1992
2.15 -1.60975 4151.28 1.126 0.83618 1122.08 1337.89 1.56527
2.175 -1.57946 3997.53 1.27748 0.814359 1066.36 1302.97 2.42379
2.2 -1.54609 3831.73 1.4654 0.782884 992.177 1252.62 5.23839
2.225 -1.50952 3653.83 1.61292 -0.164647 909.347 1193.42 389.201
2.25 -1.46705 3452.78 1.81953 -0.112935 802.267 1109 347.493
2.275 -1.41855 3229.92 1.98111 -0.0765858 662.424 991.439 287.05
2.3 -1.36162 2976.68 1.93706 0.162963 482.604 816.716 191.354
2.325 -1.31586 2780.21 1.81425 0.0722077 361.274 682.222 151.799
2.35 -1.277 2617.97 1.59258 0.0393575 277.315 587.417 116.952
2.375 -1.23638 2453.4 1.34728 -0.0296257 182.91 458.471 76.4236
2.4 -1.20381 2325.47 1.18664 0.0234564 130.079 373.688 53.833
