   4.736040604585e-02
   9.330605614585e-02
   1.364928569051e-01
   1.757121881839e-01
   2.099467494114e-01
   2.384143347918e-01
   2.605952640900e-01
   2.762432429034e-01
   2.853805752108e-01
   2.882770805782e-01
   2.854169467520e-01
   2.774567417530e-01
   2.651768749311e-01
   2.494315481886e-01
   2.310999533975e-01
   2.110423396051e-01
   1.900628450632e-01
   1.688801912136e-01
   1.481081886231e-01
   1.282443049281e-01
   1.096666738503e-01
   9.263889521479e-02
   7.731859393992e-02
   6.377114336722e-02
   5.198581070637e-02
   4.189156834455e-02
   3.337372455865e-02
   2.628875910039e-02
   2.047701623205e-02
   1.577394880093e-02
   1.201777223555e-02
   9.056286058040e-03
   6.750729242388e-03
   4.978025357641e-03
   3.631581474482e-03
   2.621230989287e-03
   1.871868344490e-03
   1.322695715585e-03
   9.247663305307e-04
   6.398274123908e-04
   4.381197427284e-04
   2.968343600696e-04
   1.987983466586e-04
   1.317608594418e-04
   8.647073124670e-05
   5.609552173687e-05
   3.601037796355e-05
   2.282857387339e-05
   1.429218498860e-05
   8.854781185189e-06
   5.503986918781e-06
   3.416181486075e-06
   2.074505990573e-06
   1.239909619132e-06
   7.348479228410e-07
   4.572252202181e-07
   1.738600509856e-07
   6.803329068234e-08
  -5.123461492299e-08
  -1.536837763542e-07
  -8.353752718141e-08
  -1.498685623647e-08
  -5.229639693666e-08
  -9.314043185115e-08
  -4.374564601386e-08
   1.941524796626e-08
  -3.075707150689e-08
   2.250781736810e-08
   4.057992238614e-08
   9.606903538563e-08
  -7.216408103301e-08
  -3.567164131539e-08
   8.389131535129e-09
   3.804170384542e-08
   1.092920788878e-07
   1.819557379377e-07
   1.642479298298e-07
   4.607578109899e-08
  -3.630740703576e-08
  -1.569614555064e-07
  -1.166294603099e-07
  -5.437965854383e-08
  -5.039997819578e-08
   1.825608407905e-08
  -4.577885489120e-08
  -2.414736727784e-08
   4.012867839985e-08
   1.732205430969e-07
   2.385156516267e-07
   1.692245010121e-07
   2.320832102888e-07
   2.236808152094e-07
   1.163466536363e-07
   1.039203321667e-07
   1.359192348897e-07
   1.431054348565e-07
   1.407035440596e-07
   1.282558650278e-07
   7.790169255286e-08
   1.740859663667e-08
