   9.031016379143e-03
   1.796223245868e-02
   2.679464028111e-02
   3.552922202772e-02
   4.416695011668e-02
   5.270878730002e-02
   6.115568675979e-02
   6.950859220311e-02
   7.776843795642e-02
   8.593614905868e-02
   9.401264135371e-02
   1.019988215816e-01
   1.098955874692e-01
   1.177038278196e-01
   1.254244226012e-01
   1.330582430350e-01
   1.406061516820e-01
   1.480690025289e-01
   1.554476410738e-01
   1.627429044102e-01
   1.699556213106e-01
   1.770866123093e-01
   1.841366897843e-01
   1.911066580383e-01
   1.979973133792e-01
   2.048094441990e-01
   2.115438310532e-01
   2.182012467382e-01
   2.247824563687e-01
   2.312882174538e-01
   2.377192799728e-01
   2.440763864502e-01
   2.503602720293e-01
   2.565716645460e-01
   2.627112846014e-01
   2.687798456335e-01
   2.747780539886e-01
   2.807066089917e-01
   2.865662030163e-01
   2.923575215535e-01
   2.980812432804e-01
   3.037380401281e-01
   3.093285773483e-01
   3.148535135799e-01
   3.203135009147e-01
   3.257091849629e-01
   3.310412049167e-01
   3.363101936147e-01
   3.415167776052e-01
   3.466615772079e-01
   3.517452065768e-01
   3.567682737609e-01
   3.617313807649e-01
   3.666351236097e-01
   3.714800923912e-01
   3.762668713398e-01
   3.809960388786e-01
   3.856681676809e-01
   3.902838247273e-01
   3.948435713628e-01
   3.993479633521e-01
   4.037975509358e-01
   4.081928788848e-01
   4.125344865547e-01
   4.168229079399e-01
   4.210586717268e-01
   4.252423013465e-01
   4.293743150268e-01
   4.334552258445e-01
   4.374855417760e-01
   4.414657657486e-01
   4.453963956901e-01
   4.492779245788e-01
   4.531108404927e-01
   4.568956266582e-01
   4.606327614983e-01
   4.643227186802e-01
   4.679659671629e-01
   4.715629712437e-01
   4.751141906048e-01
   4.786200803588e-01
   4.820810910945e-01
   4.854976689218e-01
   4.888702555160e-01
   4.921992881621e-01
   4.954851997984e-01
   4.987284190595e-01
   5.019293703194e-01
   5.050884737337e-01
   5.082061452816e-01
   5.112827968072e-01
   5.143188360608e-01
   5.173146667396e-01
   5.202706885279e-01
   5.231872971371e-01
   5.260648843450e-01
   5.289038380352e-01
   5.317045422353e-01
   5.344673771560e-01
   5.371927192282e-01
   5.398809411412e-01
   5.425324118797e-01
   5.451474967603e-01
   5.477265574687e-01
   5.502699520950e-01
   5.527780351698e-01
   5.552511576997e-01
   5.576896672022e-01
   5.600939077404e-01
   5.624642199571e-01
   5.648009411092e-01
   5.671044051011e-01
   5.693749425183e-01
   5.716128806599e-01
   5.738185435717e-01
   5.759922520784e-01
   5.781343238156e-01
   5.802450732614e-01
   5.823248117682e-01
   5.843738475932e-01
   5.863924859294e-01
   5.883810289364e-01
   5.903397757699e-01
   5.922690226122e-01
   5.941690627013e-01
   5.960401863603e-01
   5.978826810267e-01
   5.996968312803e-01
   6.014829188726e-01
   6.032412227541e-01
   6.049720191025e-01
   6.066755813503e-01
   6.083521802119e-01
   6.100020837110e-01
   6.116255572066e-01
   6.132228634204e-01
   6.147942624623e-01
   6.163400118568e-01
   6.178603665683e-01
   6.193555790272e-01
   6.208258991542e-01
   6.222715743861e-01
   6.236928496998e-01
   6.250899676373e-01
   6.264631683296e-01
   6.278126895207e-01
   6.291387665913e-01
   6.304416325824e-01
   6.317215182187e-01
   6.329786519310e-01
   6.342132598800e-01
   6.354255659777e-01
   6.366157919109e-01
   6.377841571623e-01
   6.389308790333e-01
   6.400561726649e-01
   6.411602510598e-01
   6.422433251033e-01
   6.433056035844e-01
   6.443472932168e-01
   6.453685986592e-01
   6.463697225361e-01
   6.473508654579e-01
   6.483122260408e-01
   6.492540009266e-01
   6.501763848027e-01
   6.510795704209e-01
   6.519637486172e-01
   6.528291083307e-01
   6.536758366222e-01
   6.545041186933e-01
   6.553141379044e-01
   6.561060757934e-01
   6.568801120937e-01
   6.576364247519e-01
   6.583751899459e-01
   6.590965821024e-01
   6.598007739142e-01
   6.604879363574e-01
   6.611582387086e-01
   6.618118485618e-01
   6.624489318451e-01
   6.630696528370e-01
   6.636741741833e-01
   6.642626569130e-01
   6.648352604542e-01
   6.653921426505e-01
   6.659334597764e-01
   6.664593665530e-01
   6.669700161634e-01
   6.674655602680e-01
   6.679461490197e-01
   6.684119310790e-01
   6.688630536282e-01
   6.692996623872e-01
   6.697219016268e-01
   6.701299141841e-01
   6.705238414763e-01
   6.709038235147e-01
   6.712699989190e-01
   6.716225049310e-01
   6.719614774281e-01
   6.722870509374e-01
   6.725993586483e-01
   6.728985324266e-01
   6.731847028272e-01
   6.734579991072e-01
   6.737185492391e-01
   6.739664799228e-01
   6.742019165994e-01
   6.744249834626e-01
   6.746358034718e-01
   6.748344983642e-01
   6.750211886666e-01
   6.751959937081e-01
   6.753590316314e-01
   6.755104194049e-01
   6.756502728343e-01
   6.757787065742e-01
   6.758958341394e-01
   6.760017679164e-01
   6.760966191746e-01
   6.761804980772e-01
   6.762535136926e-01
   6.763157740046e-01
   6.763673859242e-01
   6.764084552991e-01
   6.764390869252e-01
   6.764593845566e-01
   6.764694509161e-01
   6.764693877053e-01
   6.764592956149e-01
   6.764392743348e-01
   6.764094225638e-01
   6.763698380197e-01
   6.763206174490e-01
   6.762618566365e-01
   6.761936504147e-01
   6.761160926737e-01
   6.760292763700e-01
   6.759332935365e-01
   6.758282352909e-01
   6.757141918453e-01
   6.755912525151e-01
   6.754595057278e-01
   6.753190390319e-01
   6.751699391059e-01
   6.750122917663e-01
   6.748461819768e-01
   6.746716938565e-01
   6.744889106882e-01
   6.742979149272e-01
   6.740987882088e-01
   6.738916113569e-01
   6.736764643921e-01
   6.734534265395e-01
   6.732225762368e-01
   6.729839911418e-01
   6.727377481405e-01
   6.724839233545e-01
   6.722225921490e-01
   6.719538291399e-01
   6.716777082011e-01
   6.713943024728e-01
   6.711036843675e-01
   6.708059255784e-01
   6.705010970859e-01
   6.701892691646e-01
   6.698705113910e-01
   6.695448926495e-01
   6.692124811402e-01
   6.688733443850e-01
   6.685275492347e-01
   6.681751618756e-01
   6.678162478361e-01
   6.674508719931e-01
   6.670790985788e-01
   6.667009911868e-01
   6.663166127786e-01
   6.659260256898e-01
   6.655292916364e-01
   6.651264717209e-01
   6.647176264385e-01
   6.643028156830e-01
   6.638820987528e-01
   6.634555343570e-01
   6.630231806209e-01
   6.625850950921e-01
   6.621413347464e-01
   6.616919559929e-01
   6.612370146802e-01
   6.607765661016e-01
   6.603106650008e-01
   6.598393655775e-01
   6.593627214925e-01
   6.588807858731e-01
   6.583936113187e-01
   6.579012499057e-01
   6.574037531929e-01
   6.569011722267e-01
   6.563935575459e-01
   6.558809591870e-01
   6.553634266892e-01
   6.548410090992e-01
   6.543137549760e-01
   6.537817123963e-01
   6.532449289585e-01
   6.527034517881e-01
   6.521573275421e-01
   6.516066024137e-01
   6.510513221370e-01
   6.504915319914e-01
   6.499272768062e-01
   6.493586009651e-01
   6.487855484107e-01
   6.482081626488e-01
   6.476264867525e-01
   6.470405633670e-01
   6.464504347136e-01
   6.458561425937e-01
   6.452577283934e-01
   6.446552330873e-01
   6.440486972426e-01
   6.434381610235e-01
   6.428236641948e-01
   6.422052461260e-01
   6.415829457953e-01
   6.409568017935e-01
   6.403268523278e-01
   6.396931352254e-01
   6.390556879378e-01
   6.384145475440e-01
   6.377697507546e-01
   6.371213339150e-01
   6.364693330096e-01
   6.358137836649e-01
   6.351547211536e-01
   6.344921803973e-01
   6.338261959708e-01
   6.331568021052e-01
   6.324840326912e-01
   6.318079212827e-01
   6.311285011000e-01
   6.304458050332e-01
   6.297598656456e-01
   6.290707151767e-01
   6.283783855454e-01
   6.276829083536e-01
   6.269843148889e-01
   6.262826361278e-01
   6.255779027390e-01
   6.248701450865e-01
   6.241593932322e-01
   6.234456769393e-01
   6.227290256751e-01
   6.220094686142e-01
   6.212870346408e-01
   6.205617523523e-01
   6.198336500617e-01
   6.191027558007e-01
   6.183690973221e-01
   6.176327021031e-01
   6.168935973476e-01
   6.161518099892e-01
   6.154073666937e-01
   6.146602938618e-01
   6.139106176318e-01
   6.131583638823e-01
   6.124035582344e-01
   6.116462260548e-01
   6.108863924579e-01
   6.101240823084e-01
   6.093593202241e-01
   6.085921305776e-01
   6.078225374999e-01
   6.070505648815e-01
   6.062762363757e-01
   6.054995754009e-01
   6.047206051422e-01
   6.039393485547e-01
   6.031558283651e-01
   6.023700670742e-01
   6.015820869592e-01
   6.007919100758e-01
   5.999995582605e-01
   5.992050531327e-01
   5.984084160969e-01
   5.976096683449e-01
   5.968088308578e-01
   5.960059244082e-01
   5.952009695620e-01
   5.943939866809e-01
   5.935849959241e-01
   5.927740172506e-01
   5.919610704206e-01
   5.911461749983e-01
   5.903293503531e-01
   5.895106156622e-01
   5.886899899118e-01
   5.878674918996e-01
   5.870431402364e-01
   5.862169533481e-01
   5.853889494772e-01
   5.845591466851e-01
   5.837275628535e-01
   5.828942156865e-01
   5.820591227121e-01
   5.812223012841e-01
   5.803837685838e-01
   5.795435416218e-01
   5.787016372394e-01
   5.778580721107e-01
   5.770128627440e-01
   5.761660254834e-01
   5.753175765106e-01
   5.744675318466e-01
   5.736159073529e-01
   5.727627187334e-01
   5.719079815361e-01
   5.710517111542e-01
   5.701939228280e-01
   5.693346316462e-01
   5.684738525477e-01
   5.676116003227e-01
   5.667478896146e-01
   5.658827349211e-01
   5.650161505957e-01
   5.641481508495e-01
   5.632787497520e-01
   5.624079612332e-01
   5.615357990843e-01
   5.606622769597e-01
   5.597874083778e-01
   5.589112067228e-01
   5.580336852458e-01
   5.571548570663e-01
   5.562747351732e-01
   5.553933324263e-01
   5.545106615578e-01
   5.536267351730e-01
   5.527415657522e-01
   5.518551656515e-01
   5.509675471042e-01
   5.500787222220e-01
   5.491887029961e-01
   5.482975012988e-01
   5.474051288840e-01
   5.465115973890e-01
   5.456169183355e-01
   5.447211031304e-01
   5.438241630675e-01
   5.429261093280e-01
   5.420269529823e-01
   5.411267049906e-01
   5.402253762042e-01
   5.393229773664e-01
   5.384195191138e-01
   5.375150119773e-01
   5.366094663832e-01
   5.357028926539e-01
   5.347953010094e-01
   5.338867015682e-01
   5.329771043478e-01
   5.320665192666e-01
   5.311549561442e-01
   5.302424247025e-01
   5.293289345669e-01
   5.284144952672e-01
   5.274991162382e-01
   5.265828068211e-01
   5.256655762642e-01
   5.247474337240e-01
   5.238283882657e-01
   5.229084488647e-01
   5.219876244070e-01
   5.210659236902e-01
   5.201433554247e-01
   5.192199282341e-01
   5.182956506564e-01
   5.173705311446e-01
   5.164445780678e-01
   5.155177997119e-01
   5.145902042803e-01
   5.136617998951e-01
   5.127325945974e-01
   5.118025963486e-01
   5.108718130308e-01
   5.099402524477e-01
   5.090079223257e-01
   5.080748303141e-01
   5.071409839864e-01
   5.062063908407e-01
   5.052710583005e-01
   5.043349937156e-01
   5.033982043628e-01
   5.024606974463e-01
   5.015224800992e-01
   5.005835593831e-01
   4.996439422898e-01
   4.987036357414e-01
   4.977626465914e-01
   4.968209816250e-01
   4.958786475599e-01
   4.949356510473e-01
   4.939919986719e-01
   4.930476969534e-01
   4.921027523463e-01
   4.911571712411e-01
   4.902109599647e-01
   4.892641247814e-01
   4.883166718927e-01
   4.873686074391e-01
   4.864199374994e-01
   4.854706680925e-01
   4.845208051773e-01
   4.835703546532e-01
   4.826193223615e-01
   4.816677140849e-01
   4.807155355489e-01
   4.797627924221e-01
   4.788094903166e-01
   4.778556347889e-01
   4.769012313402e-01
   4.759462854168e-01
   4.749908024112e-01
   4.740347876620e-01
   4.730782464551e-01
   4.721211840235e-01
   4.711636055483e-01
   4.702055161591e-01
   4.692469209346e-01
   4.682878249029e-01
   4.673282330423e-01
   4.663681502812e-01
   4.654075814995e-01
   4.644465315283e-01
   4.634850051508e-01
   4.625230071026e-01
   4.615605420721e-01
   4.605976147015e-01
   4.596342295864e-01
   4.586703912769e-01
   4.577061042779e-01
   4.567413730496e-01
   4.557762020076e-01
   4.548105955239e-01
   4.538445579269e-01
   4.528780935019e-01
   4.519112064918e-01
   4.509439010971e-01
   4.499761814767e-01
   4.490080517481e-01
   4.480395159879e-01
   4.470705782322e-01
   4.461012424770e-01
   4.451315126783e-01
   4.441613927533e-01
   4.431908865797e-01
   4.422199979971e-01
   4.412487308067e-01
   4.402770887719e-01
   4.393050756188e-01
   4.383326950364e-01
   4.373599506771e-01
   4.363868461569e-01
   4.354133850560e-01
   4.344395709187e-01
   4.334654072545e-01
   4.324908975376e-01
   4.315160452080e-01
   4.305408536713e-01
   4.295653262994e-01
   4.285894664305e-01
   4.276132773697e-01
   4.266367623893e-01
   4.256599247290e-01
   4.246827675964e-01
   4.237052941671e-01
   4.227275075852e-01
   4.217494109634e-01
   4.207710073837e-01
   4.197922998974e-01
   4.188132915253e-01
   4.178339852583e-01
   4.168543840576e-01
   4.158744908549e-01
   4.148943085528e-01
   4.139138400250e-01
   4.129330881167e-01
   4.119520556447e-01
   4.109707453980e-01
   4.099891601377e-01
   4.090073025975e-01
   4.080251754839e-01
   4.070427814766e-01
   4.060601232286e-01
   4.050772033664e-01
   4.040940244907e-01
   4.031105891761e-01
   4.021268999716e-01
   4.011429594010e-01
   4.001587699630e-01
   3.991743341313e-01
   3.981896543552e-01
   3.972047330595e-01
   3.962195726450e-01
   3.952341754887e-01
   3.942485439437e-01
   3.932626803401e-01
   3.922765869844e-01
   3.912902661606e-01
   3.903037201297e-01
   3.893169511304e-01
   3.883299613789e-01
   3.873427530697e-01
   3.863553283752e-01
   3.853676894464e-01
   3.843798384129e-01
   3.833917773829e-01
   3.824035084441e-01
   3.814150336629e-01
   3.804263550855e-01
   3.794374747379e-01
   3.784483946254e-01
   3.774591167340e-01
   3.764696430296e-01
   3.754799754586e-01
   3.744901159481e-01
   3.735000664060e-01
   3.725098287213e-01
   3.715194047642e-01
   3.705287963863e-01
   3.695380054207e-01
   3.685470336826e-01
   3.675558829687e-01
   3.665645550581e-01
   3.655730517123e-01
   3.645813746751e-01
   3.635895256731e-01
   3.625975064155e-01
   3.616053185949e-01
   3.606129638868e-01
   3.596204439501e-01
   3.586277604271e-01
   3.576349149441e-01
   3.566419091108e-01
   3.556487445213e-01
   3.546554227537e-01
   3.536619453703e-01
   3.526683139179e-01
   3.516745299282e-01
   3.506805949172e-01
   3.496865103863e-01
   3.486922778217e-01
   3.476978986949e-01
   3.467033744628e-01
   3.457087065677e-01
   3.447138964377e-01
   3.437189454867e-01
   3.427238551144e-01
   3.417286267068e-01
   3.407332616359e-01
   3.397377612602e-01
   3.387421269247e-01
   3.377463599610e-01
   3.367504616875e-01
   3.357544334093e-01
   3.347582764189e-01
   3.337619919955e-01
   3.327655814060e-01
   3.317690459045e-01
   3.307723867326e-01
   3.297756051196e-01
   3.287787022826e-01
   3.277816794267e-01
   3.267845377449e-01
   3.257872784183e-01
   3.247899026163e-01
   3.237924114968e-01
   3.227948062060e-01
   3.217970878788e-01
   3.207992576388e-01
   3.198013165986e-01
   3.188032658594e-01
   3.178051065117e-01
   3.168068396351e-01
   3.158084662985e-01
   3.148099875601e-01
   3.138114044676e-01
   3.128127180584e-01
   3.118139293594e-01
   3.108150393874e-01
   3.098160491491e-01
   3.088169596412e-01
   3.078177718505e-01
   3.068184867539e-01
   3.058191053186e-01
   3.048196285024e-01
   3.038200572532e-01
   3.028203925098e-01
   3.018206352016e-01
   3.008207862486e-01
   2.998208465619e-01
   2.988208170434e-01
   2.978206985859e-01
   2.968204920737e-01
   2.958201983819e-01
   2.948198183772e-01
   2.938193529176e-01
   2.928188028524e-01
   2.918181690228e-01
   2.908174522612e-01
   2.898166533922e-01
   2.888157732318e-01
   2.878148125882e-01
   2.868137722613e-01
   2.858126530433e-01
   2.848114557183e-01
   2.838101810627e-01
   2.828088298452e-01
   2.818074028269e-01
   2.808059007613e-01
   2.798043243943e-01
   2.788026744645e-01
   2.778009517031e-01
   2.767991568342e-01
   2.757972905745e-01
   2.747953536336e-01
   2.737933467141e-01
   2.727912705116e-01
   2.717891257149e-01
   2.707869130057e-01
   2.697846330591e-01
   2.687822865436e-01
   2.677798741207e-01
   2.667773964457e-01
   2.657748541671e-01
   2.647722479272e-01
   2.637695783618e-01
   2.627668461002e-01
   2.617640517658e-01
   2.607611959755e-01
   2.597582793402e-01
   2.587553024648e-01
   2.577522659481e-01
   2.567491703828e-01
   2.557460163560e-01
   2.547428044489e-01
   2.537395352366e-01
   2.527362092889e-01
   2.517328271698e-01
   2.507293894375e-01
   2.497258966449e-01
   2.487223493394e-01
   2.477187480627e-01
   2.467150933514e-01
   2.457113857366e-01
   2.447076257443e-01
   2.437038138950e-01
   2.426999507042e-01
   2.416960366823e-01
   2.406920723346e-01
   2.396880581612e-01
   2.386839946575e-01
   2.376798823139e-01
   2.366757216158e-01
   2.356715130439e-01
   2.346672570740e-01
   2.336629541773e-01
   2.326586048203e-01
   2.316542094649e-01
   2.306497685681e-01
   2.296452825828e-01
   2.286407519571e-01
   2.276361771347e-01
   2.266315585551e-01
   2.256268966531e-01
   2.246221918594e-01
   2.236174446003e-01
   2.226126552980e-01
   2.216078243703e-01
   2.206029522311e-01
   2.195980392900e-01
   2.185930859526e-01
   2.175880926204e-01
   2.165830596910e-01
   2.155779875580e-01
   2.145728766111e-01
   2.135677272361e-01
   2.125625398150e-01
   2.115573147260e-01
   2.105520523435e-01
   2.095467530383e-01
   2.085414171773e-01
   2.075360451239e-01
   2.065306372379e-01
   2.055251938754e-01
   2.045197153892e-01
   2.035142021284e-01
   2.025086544385e-01
   2.015030726619e-01
   2.004974571375e-01
   1.994918082005e-01
   1.984861261833e-01
   1.974804114145e-01
   1.964746642199e-01
   1.954688849216e-01
   1.944630738388e-01
   1.934572312875e-01
   1.924513575805e-01
   1.914454530274e-01
   1.904395179349e-01
   1.894335526065e-01
   1.884275573428e-01
   1.874215324414e-01
   1.864154781969e-01
   1.854093949009e-01
   1.844032828423e-01
   1.833971423069e-01
   1.823909735778e-01
   1.813847769353e-01
   1.803785526568e-01
   1.793723010170e-01
   1.783660222880e-01
   1.773597167389e-01
   1.763533846364e-01
   1.753470262445e-01
   1.743406418244e-01
   1.733342316349e-01
   1.723277959322e-01
   1.713213349698e-01
   1.703148489989e-01
   1.693083382679e-01
   1.683018030232e-01
   1.672952435082e-01
   1.662886599644e-01
   1.652820526305e-01
   1.642754217429e-01
   1.632687675360e-01
   1.622620902413e-01
   1.612553900886e-01
   1.602486673048e-01
   1.592419221151e-01
   1.582351547422e-01
   1.572283654064e-01
   1.562215543263e-01
   1.552147217178e-01
   1.542078677951e-01
   1.532009927699e-01
   1.521940968520e-01
   1.511871802492e-01
   1.501802431670e-01
   1.491732858090e-01
   1.481663083768e-01
   1.471593110698e-01
   1.461522940857e-01
   1.451452576201e-01
   1.441382018665e-01
   1.431311270168e-01
   1.421240332607e-01
   1.411169207863e-01
   1.401097897794e-01
   1.391026404244e-01
   1.380954729037e-01
   1.370882873978e-01
   1.360810840855e-01
   1.350738631438e-01
   1.340666247480e-01
   1.330593690715e-01
   1.320520962861e-01
   1.310448065619e-01
   1.300375000673e-01
   1.290301769689e-01
   1.280228374318e-01
   1.270154816195e-01
   1.260081096936e-01
   1.250007218144e-01
   1.239933181405e-01
   1.229858988288e-01
   1.219784640348e-01
   1.209710139124e-01
   1.199635486139e-01
   1.189560682903e-01
   1.179485730909e-01
   1.169410631634e-01
   1.159335386545e-01
   1.149259997089e-01
   1.139184464702e-01
   1.129108790805e-01
   1.119032976804e-01
   1.108957024092e-01
   1.098880934048e-01
   1.088804708037e-01
   1.078728347410e-01
   1.068651853506e-01
   1.058575227649e-01
   1.048498471152e-01
   1.038421585312e-01
   1.028344571415e-01
   1.018267430735e-01
   1.008190164531e-01
   9.981127740518e-02
   9.880352605320e-02
   9.779576251949e-02
   9.678798692513e-02
   9.578019939002e-02
   9.477240003285e-02
   9.376458897113e-02
   9.275676632121e-02
   9.174893219828e-02
   9.074108671638e-02
   8.973322998843e-02
   8.872536212621e-02
   8.771748324041e-02
   8.670959344059e-02
   8.570169283525e-02
   8.469378153180e-02
   8.368585963658e-02
   8.267792725487e-02
   8.166998449092e-02
   8.066203144792e-02
   7.965406822806e-02
   7.864609493249e-02
   7.763811166136e-02
   7.663011851385e-02
   7.562211558811e-02
   7.461410298136e-02
   7.360608078982e-02
   7.259804910877e-02
   7.159000803253e-02
   7.058195765450e-02
   6.957389806714e-02
   6.856582936199e-02
   6.755775162969e-02
   6.654966495997e-02
   6.554156944167e-02
   6.453346516274e-02
   6.352535221027e-02
   6.251723067048e-02
   6.150910062872e-02
   6.050096216951e-02
   5.949281537653e-02
   5.848466033260e-02
   5.747649711975e-02
   5.646832581918e-02
   5.546014651128e-02
   5.445195927566e-02
   5.344376419110e-02
   5.243556133563e-02
   5.142735078650e-02
   5.041913262019e-02
   4.941090691240e-02
   4.840267373812e-02
   4.739443317154e-02
   4.638618528616e-02
   4.537793015473e-02
   4.436966784928e-02
   4.336139844111e-02
   4.235312200083e-02
   4.134483859834e-02
   4.033654830284e-02
   3.932825118286e-02
   3.831994730624e-02
   3.731163674013e-02
   3.630331955102e-02
   3.529499580477e-02
   3.428666556654e-02
   3.327832890086e-02
   3.226998587164e-02
   3.126163654211e-02
   3.025328097492e-02
   2.924491923206e-02
   2.823655137492e-02
   2.722817746428e-02
   2.621979756031e-02
   2.521141172260e-02
   2.420302001011e-02
   2.319462248125e-02
   2.218621919383e-02
   2.117781020510e-02
   2.016939557173e-02
   1.916097534983e-02
   1.815254959494e-02
   1.714411836208e-02
   1.613568170568e-02
   1.512723967967e-02
   1.411879233742e-02
   1.311033973177e-02
   1.210188191504e-02
   1.109341893904e-02
   1.008495085504e-02
   9.076477713822e-03
   8.067999565658e-03
   7.059516460316e-03
   6.051028447072e-03
   5.042535574712e-03
   4.034037891537e-03
   3.025535445367e-03
   2.017028283549e-03
   1.008516452957e-03
