   0.000000000000e+00
   8.429683337023e-02
   1.597147946660e-01
   2.270908619479e-01
   2.871831144854e-01
   3.406781702507e-01
   3.881979223078e-01
   4.303056401879e-01
   4.675114961100e-01
   5.002775702665e-01
   5.290223842780e-01
   5.541250072978e-01
   5.759287750477e-01
   5.947446582751e-01
   6.108543136784e-01
   6.245128472324e-01
   6.359513170259e-01
   6.453790001658e-01
   6.529854459889e-01
   6.589423357252e-01
   6.634051668570e-01
   6.665147787008e-01
   6.683987341773e-01
   6.691725713280e-01
   6.689409368552e-01
   6.677986128081e-01
   6.658314464866e-01
   6.631171926868e-01
   6.597262765508e-01
   6.557224845061e-01
   6.511635900724e-01
   6.461019206756e-01
   6.405848710309e-01
   6.346553681310e-01
   6.283522924016e-01
   6.217108591560e-01
   6.147629640917e-01
   6.075374962182e-01
   6.000606212858e-01
   5.923560384978e-01
   5.844452130219e-01
   5.763475865850e-01
   5.680807682149e-01
   5.596607070023e-01
   5.511018485769e-01
   5.424172768328e-01
   5.336188422942e-01
   5.247172783809e-01
   5.157223067134e-01
   5.066427324913e-01
   4.974865308809e-01
   4.882609252596e-01
   4.789724580838e-01
   4.696270550772e-01
   4.602300833676e-01
   4.507864041437e-01
   4.413004203481e-01
   4.317761198748e-01
   4.222171146935e-01
   4.126266762872e-01
   4.030077677485e-01
   3.933630728503e-01
   3.836950223763e-01
   3.740058179692e-01
   3.642974537312e-01
   3.545717357878e-01
   3.448303000081e-01
   3.350746280535e-01
   3.253060619151e-01
   3.155258170794e-01
   3.057349944534e-01
   2.959345911659e-01
   2.861255103501e-01
   2.763085700040e-01
   2.664845110161e-01
   2.566540044343e-01
   2.468176580490e-01
   2.369760223568e-01
   2.271295959607e-01
   2.172788304626e-01
   2.074241348933e-01
   1.975658797260e-01
   1.877044005106e-01
   1.778400011660e-01
   1.679729569621e-01
   1.581035172197e-01
   1.482319077573e-01
   1.383583331062e-01
   1.284829785176e-01
   1.186060117794e-01
   1.087275848629e-01
   9.884783541373e-02
   8.896688810204e-02
   7.908485584587e-02
   6.920184091887e-02
   5.931793595375e-02
   4.943322485107e-02
   3.954778360241e-02
   2.966168103589e-02
   1.977497949148e-02
   9.887735432577e-03
   0.000000000000e+00
