   9.307021436631e-02
   1.763374682385e-01
   2.507258500363e-01
   3.170723378202e-01
   3.761350108597e-01
   4.286004871270e-01
   4.750906596862e-01
   5.161687980683e-01
   5.523450744924e-01
   5.840815691509e-01
   6.117968036644e-01
   6.358698471862e-01
   6.566440354381e-01
   6.744303391675e-01
   6.895104150729e-01
   7.021393691289e-01
   7.125482594244e-01
   7.209463630663e-01
   7.275232293914e-01
   7.324505396297e-01
   7.358837912635e-01
   7.379638236093e-01
   7.388181995879e-01
   7.385624572406e-01
   7.373012432698e-01
   7.351293397247e-01
   7.321325939052e-01
   7.283887606074e-01
   7.239682649734e-01
   7.189348934308e-01
   7.133464194991e-01
   7.072551706042e-01
   7.007085414615e-01
   6.937494590637e-01
   6.864168038363e-01
   6.787457910927e-01
   6.707683165304e-01
   6.625132691589e-01
   6.540068147285e-01
   6.452726524425e-01
   6.363322474687e-01
   6.272050415337e-01
   6.179086436657e-01
   6.084590029551e-01
   5.988705650317e-01
   5.891564137896e-01
   5.793283997530e-01
   5.693972563418e-01
   5.593727051763e-01
   5.492635514562e-01
   5.390777703478e-01
   5.288225852285e-01
   5.185045385547e-01
   5.081295560501e-01
   4.977030048425e-01
   4.872297461206e-01
   4.767141828271e-01
   4.661603028557e-01
   4.555717181764e-01
   4.449517002721e-01
   4.343032122355e-01
   4.236289378393e-01
   4.129313078673e-01
   4.022125239622e-01
   3.914745802262e-01
   3.807192827849e-01
   3.699482675071e-01
   3.591630160546e-01
   3.483648704182e-01
   3.375550460845e-01
   3.267346439605e-01
   3.159046611750e-01
   3.050660008612e-01
   2.942194810171e-01
   2.833658425313e-01
   2.725057564514e-01
   2.616398305682e-01
   2.507686153780e-01
   2.398926094839e-01
   2.290122644878e-01
   2.181279894205e-01
   2.072401547552e-01
   1.963490960418e-01
   1.854551171993e-01
   1.745584934973e-01
   1.636594742569e-01
   1.527582852965e-01
   1.418551311475e-01
   1.309501970609e-01
   1.200436508247e-01
   1.091356444102e-01
   9.822631546305e-02
   8.731578865337e-02
   7.640417689921e-02
   6.549158247423e-02
   5.457809801112e-02
   4.366380741045e-02
   3.274878666380e-02
   2.183310459929e-02
   1.091682355689e-02
